shoulder_pan_joint: -1.44862
shoulder_lift_joint: -2.3911
elbow_joint: 1.93732
wrist_1_joint: -2.68781
wrist_2_joint: -0.122173
wrist_3_joint: 0.0